function mpc = case68
%CASE68

%% MATPOWER Case Format : Version 2
mpc.version = '2';

%%-----  Power Flow Data  -----%%
%% system MVA base
mpc.baseMVA = 100;

%% bus data
%	bus_i	type	Pd	Qd	Gs	Bs	area	Vm	Va	baseKV	zone	Vmax	Vmin
mpc.bus = [
	1	2	0	0	0	0	1	1.045	-8.957	138	1	1.1	0.9;
	2	2	0	0	0	0	1	0.98	-0.9843	138	1	1.1	0.9;
	3	2	0	0	0	0	1	0.983	1.6121	138	1	1.1	0.9;
	4	2	0	0	0	0	1	0.997	1.6675	138	1	1.1	0.9;
	5	2	0	0	0	0	1	1.011	-0.6284	138	1	1.1	0.9;
	6	2	0	0	0	0	1	1.05	3.8417	138	1	1.1	0.9;
	7	2	0	0	0	0	1	1.063	6.03	138	1	1.1	0.9;
	8	2	0	0	0	0	1	1.03	-2.8418	138	1	1.1	0.9;
	9	2	0	0	0	0	1	1.025	2.6516	138	1	1.1	0.9;
	10	2	0	0	0	0	2	1.01	-9.6446	138	1	1.1	0.9;
	11	2	0	0	0	0	2	1	-7.2252	138	1	1.1	0.9;
	12	2	0	0	0	0	2	1.0156	-22.6322	138	1	1.1	0.9;
	13	2	0	0	0	0	2	1.011	-28.6549	138	1	1.1	0.9;
	14	2	0	0	0	0	3	1	10.9616	138	1	1.1	0.9;
	15	2	0	0	0	0	4	1	0.0165	138	1	1.1	0.9;
	16	3	0	0	0	0	5	1	0	138	1	1.1	0.9;
	17	1	6000	300	0	0	2	0.94992	-36.0278	138	1	1.1	0.9;
	18	1	2470	123	0	0	5	1.00233	-5.8055	138	1	1.1	0.9;
	19	1	0	0	0	0	1	0.93198	-4.2641	138	1	1.1	0.9;
	20	1	680	103	0	0	1	0.98061	-5.8752	138	1	1.1	0.9;
	21	1	274	115	0	0	1	0.96024	-7.0547	138	1	1.1	0.9;
	22	1	0	0	0	0	1	0.99368	-1.8018	138	1	1.1	0.9;
	23	1	248	85	0	0	1	0.99611	-2.1614	138	1	1.1	0.9;
	24	1	309	-92	0	0	1	0.9587	-9.8775	138	1	1.1	0.9;
	25	1	224	47	0	0	1	0.9981	-10.0003	138	1	1.1	0.9;
	26	1	139	17	0	0	1	0.98686	-11.0202	138	1	1.1	0.9;
	27	1	281	76	0	0	1	0.96789	-12.8579	138	1	1.1	0.9;
	28	1	206	28	0	0	1	0.98973	-7.4975	138	1	1.1	0.9;
	29	1	284	27	0	0	1	0.99209	-4.5472	138	1	1.1	0.9;
	30	1	0	0	0	0	2	0.97618	-19.7108	138	1	1.1	0.9;
	31	1	0	0	0	0	2	0.98381	-17.4648	138	1	1.1	0.9;
	32	1	0	0	0	0	2	0.96988	-15.2383	138	1	1.1	0.9;
	33	1	112	0	0	0	2	0.97381	-19.7588	138	1	1.1	0.9;
	34	1	0	0	0	0	2	0.98003	-26.1167	138	1	1.1	0.9;
	35	1	0	0	0	0	2	1.04302	-27.0893	138	1	1.1	0.9;
	36	1	102	-19.46	0	0	2	0.96064	-28.8282	138	1	1.1	0.9;
	37	1	0	0	0	0	1	0.95551	-11.7888	138	1	1.1	0.9;
	38	1	0	0	0	0	2	0.98897	-18.7601	138	1	1.1	0.9;
	39	1	267	12.6	0	0	2	0.99154	-39.291	138	1	1.1	0.9;
	40	1	65.63	23.53	0	0	2	1.04422	-13.6407	138	1	1.1	0.9;
	41	1	1000	250	0	0	3	0.99964	9.4267	138	1	1.1	0.9;
	42	1	1150	250	0	0	4	0.99896	-0.8438	138	1	1.1	0.9;
	43	1	0	0	0	0	2	0.97649	-37.9097	138	1	1.1	0.9;
	44	1	267.55	4.84	0	0	2	0.97749	-37.9872	138	1	1.1	0.9;
	45	1	208	21	0	0	2	1.04709	-29.3633	138	1	1.1	0.9;
	46	1	150.7	28.5	0	0	2	0.99031	-20.532	138	1	1.1	0.9;
	47	1	203.12	32.59	0	0	2	1.0184	-19.4983	138	1	1.1	0.9;
	48	1	241.2	2.2	0	0	2	1.03374	-18.3768	138	1	1.1	0.9;
	49	1	164	29	0	0	2	0.99361	-19.8202	138	1	1.1	0.9;
	50	1	100	-147	0	0	2	1.06024	-19.0525	138	1	1.1	0.9;
	51	1	337	-122	0	0	2	1.06337	-27.2888	138	1	1.1	0.9;
	52	1	158	30	0	0	1	0.95454	-12.8342	138	1	1.1	0.9;
	53	1	252.7	118.56	0	0	2	0.98633	-18.938	138	1	1.1	0.9;
	54	1	0	0	0	0	1	0.98571	-11.5378	138	1	1.1	0.9;
	55	1	322	2	0	0	1	0.95712	-13.2187	138	1	1.1	0.9;
	56	1	200	73.6	0	0	1	0.92084	-11.9601	138	1	1.1	0.9;
	57	1	0	0	0	0	1	0.91019	-11.2137	138	1	1.1	0.9;
	58	1	0	0	0	0	1	0.90903	-10.403	138	1	1.1	0.9;
	59	1	234	84	0	0	1	0.90375	-13.3118	138	1	1.1	0.9;
	60	1	208.8	70.8	0	0	1	0.90617	-14.0376	138	1	1.1	0.9;
	61	1	104	125	0	0	2	0.95565	-23.2231	138	1	1.1	0.9;
	62	1	0	0	0	0	1	0.91215	-7.3125	138	1	1.1	0.9;
	63	1	0	0	0	0	1	0.90965	-8.3707	138	1	1.1	0.9;
	64	1	9	88	0	0	1	0.83666	-8.3778	138	1	1.1	0.9;
	65	1	0	0	0	0	1	0.91276	-8.1855	138	1	1.1	0.9;
	66	1	0	0	0	0	1	0.9194	-10.1917	138	1	1.1	0.9;
	67	1	320	153	0	0	1	0.92803	-11.4306	138	1	1.1	0.9;
	68	1	329	32	0	0	1	0.94829	-10.072	138	1	1.1	0.9;
];

%% generator data
%	bus	Pg	Qg	Qmax	Qmin	Vg	mBase	status	Pmax	Pmin	Pc1	Pc2	Qc1min	Qc1max	Qc2min	Qc2max	ramp_agc	ramp_10	ramp_30	ramp_q	apf	mu_Pmax	mu_Pmin	mu_Qmax	mu_Qmin
mpc.gen = [
	1	250	196.005	9900	-9900	1.045	200	1	9999	0	0	0	0	0	0	0	0	0	0	0	0	0.0000	0.0000	0.0000	0.0000;
	2	545	70.011	9900	-9900	0.98	200	1	9999	0	0	0	0	0	0	0	0	0	0	0	0	0.0000	0.0000	0.0000	0.0000;
	3	650	80.783	9900	-9900	0.983	200	1	9999	0	0	0	0	0	0	0	0	0	0	0	0	0.0000	0.0000	0.0000	0.0000;
	4	632	0.269	9900	-9900	0.997	200	1	9999	0	0	0	0	0	0	0	0	0	0	0	0	0.0000	0.0000	0.0000	0.0000;
	5	505	116.574	9900	-9900	1.011	200	1	9999	0	0	0	0	0	0	0	0	0	0	0	0	0.0000	0.0000	0.0000	0.0000;
	6	700	254.487	9900	-9900	1.05	200	1	9999	0	0	0	0	0	0	0	0	0	0	0	0	0.0000	0.0000	0.0000	0.0000;
	7	560	290.833	9900	-9900	1.063	200	1	9999	0	0	0	0	0	0	0	0	0	0	0	0	0.0000	0.0000	0.0000	0.0000;
	8	540	49.077	9900	-9900	1.03	200	1	9999	0	0	0	0	0	0	0	0	0	0	0	0	0.0000	0.0000	0.0000	0.0000;
	9	800	59.808	9900	-9900	1.025	200	1	9999	0	0	0	0	0	0	0	0	0	0	0	0	0.0000	0.0000	0.0000	0.0000;
	10	500	-13.1	9900	-9900	1.01	200	1	9999	0	0	0	0	0	0	0	0	0	0	0	0	0.0000	0.0000	0.0000	0.0000;
	11	1000	8.327	9900	-9900	1	600	1	9999	0	0	0	0	0	0	0	0	0	0	0	0	0.0000	0.0000	0.0000	0.0000;
	12	1350	280.072	9900	-9900	1.0156	200	1	9999	0	0	0	0	0	0	0	0	0	0	0	0	0.0000	0.0000	0.0000	0.0000;
	13	3591	885.025	9900	-9900	1.011	6000	1	9999	0	0	0	0	0	0	0	0	0	0	0	0	0.0000	0.0000	0.0000	0.0000;
	14	1785	47.485	9900	-9900	1	3000	1	9999	0	0	0	0	0	0	0	0	0	0	0	0	0.0000	0.0000	0.0000	0.0000;
	15	1000	76.732	9900	-9900	1	3000	1	9999	0	0	0	0	0	0	0	0	0	0	0	0	0.0000	0.0000	0.0000	0.0000;
	16	3379.568	93.655	9900	-9900	1	6000	1	9999	0	0	0	0	0	0	0	0	0	0	0	0	0.0000	0.0000	0.0000	0.0000;
];

%% branch data
%	fbus	tbus	r	x	b	rateA	rateB	rateC	ratio	angle	status	angmin	angmax
